Regression coefficients: a0 = 951.675708914, a1 = 243.564391670, a2 = -33.142824248
Residual variance (Se^2): 3845.217011976
Variance-covariance matrix (Sigma_a):
[[ 13388.76936534   6983.32758369 -14612.80866625]
 [  6983.32758369  19326.24790761 -18147.03286452]
 [-14612.80866625 -18147.03286452  23125.49364372]]
Standard errors for coefficients: [115.70984991 139.01887608 152.07068634]

X1	X2	Y	Y_pred	Residual
1.0	1.3	1160.0	1152.154429061	7.845570939
1.0	1.3	1155.0	1152.154429061	2.845570939
1.1	1.4	1158.0	1173.196585804	-15.196585804
1.1	1.4	1157.0	1173.196585804	-16.196585804
1.1	1.5	1160.0	1169.882303379	-9.882303379
1.0	1.4	1161.0	1148.840146637	12.159853363
1.0	1.5	1157.0	1145.525864212	11.474135788
1.2	1.6	1159.0	1190.924460121	-31.924460121
1.2	1.7	1256.0	1187.610177696	68.389822304
0.6	1.0	1260.0	1064.671519668	195.328480332
0.6	1.0	1040.0	1064.671519668	-24.671519668
0.7	1.1	1039.0	1085.71367641	-46.71367641
0.7	1.15	1030.0	1084.056535198	-54.056535198
0.75	1.2	1040.0	1094.577613569	-54.577613569
0.7	1.2	1039.0	1082.399393985	-43.399393985
0.7	1.3	1040.0	1079.085111561	-39.085111561
0.7	1.3	1039.0	1079.085111561	-40.085111561
0.8	1.4	1140.0	1100.127268303	39.872731697
0.8	1.4	1138.0	1100.127268303	37.872731697
